{
  "full_sample": {
    "W2_H0": [
      [
        0.0,
        0.40038939984332783,
        0.39125258269982394,
        0.3719049719407735,
        0.29747268368230423,
        0.35012301156985437,
        0.5327364243506617,
        0.28998901992037196,
        0.6924039494453038,
        0.37931429258484445,
        0.5165817403468246,
        0.3400357343449865,
        0.32758294498381313,
        0.6047433221227377,
        0.7118294984313888,
        0.7965851057073218,
        0.2825143708978586,
        0.7436062769618956,
        1.057822952367987,
        1.2617139038181029,
        0.9538726144178484,
        0.9428629768468288,
        0.6540121528257917,
        0.9019912811617314,
        0.8372588877008145,
        0.9836679451411281,
        1.0559698033013407,
        0.9600139689389199,
        0.9296150477615079,
        0.917699803693837,
        0.8563226663989172,
        0.7792911508666749
      ],
      [
        0.40038939984332783,
        0.0,
        0.3226245923937399,
        0.46984185705263154,
        0.5082965588099535,
        0.4006318561174056,
        0.27168960161288613,
        0.1969767162833204,
        0.7949757358210641,
        0.5213265437930193,
        0.5316569383937354,
        0.2494447721253581,
        0.5541470013005068,
        0.47019518637591473,
        0.7187326435377611,
        0.7420265681200784,
        0.4294653554514707,
        0.5907573991965135,
        0.9933016488127805,
        1.2428442318320305,
        0.7861187664606651,
        0.9327585800619882,
        0.6382117840118083,
        0.8081445338102103,
        0.7329536535488735,
        0.8954951430613595,
        0.9713199806313139,
        0.9530946349726783,
        0.8780492374385753,
        0.8627034865126827,
        0.8893202633513869,
        0.753558570940284
      ],
      [
        0.39125258269982394,
        0.3226245923937399,
        0.0,
        0.27500532555421636,
        0.4319399033379375,
        0.3378397193350082,
        0.3504905856984271,
        0.3243752910166214,
        0.6442955440768086,
        0.41670799365051425,
        0.4209541997154806,
        0.26637759128908,
        0.38773068838276026,
        0.34629070263992207,
        0.5162767604786809,
        0.6245728026392853,
        0.31250994428911005,
        0.5188594098116738,
        0.9239763660237591,
        1.1096840228932265,
        0.7111248504002832,
        0.803474274397919,
        0.5987963748877598,
        0.7313259680129274,
        0.6454346531749421,
        0.7863748957394864,
        0.8553387870500199,
        0.8430926823500247,
        0.7762175947833551,
        0.743267306585293,
        0.7779006703556401,
        0.6681192478242408
      ],
      [
        0.3719049719407735,
        0.46984185705263154,
        0.27500532555421636,
        0.0,
        0.30197893114911345,
        0.25594672004617924,
        0.4523684303723406,
        0.4072791065916098,
        0.46283582827052405,
        0.36998665226366045,
        0.3109117750450916,
        0.34551980989655856,
        0.27545503251964615,
        0.3789728868581399,
        0.40284078249435745,
        0.5609944829161703,
        0.27035059161802494,
        0.5344808773524035,
        0.8498677673459181,
        1.000415634889002,
        0.7290454518770301,
        0.7031444104279779,
        0.5380928275089598,
        0.7017826477622215,
        0.6198723647776716,
        0.7276269620281707,
        0.8164960385122568,
        0.761040486427286,
        0.7132277807664691,
        0.690905009338572,
        0.6370712428953277,
        0.5848024825431022
      ],
      [
        0.29747268368230423,
        0.5082965588099535,
        0.4319399033379375,
        0.30197893114911345,
        0.0,
        0.27738120952263534,
        0.5092480706628479,
        0.40341505489726875,
        0.4591881271971323,
        0.27107255632785787,
        0.3969159569926142,
        0.3808231500743154,
        0.277246993317899,
        0.5425986622679984,
        0.5522647255908442,
        0.6028578399882467,
        0.32448286723756326,
        0.618956783250559,
        0.8491240988997091,
        1.033809490953843,
        0.8225681161543863,
        0.7168449447932023,
        0.47508040636531607,
        0.7315715852186621,
        0.6678975358770433,
        0.7869205378955364,
        0.8655433717082563,
        0.7519373233785832,
        0.7406489820317537,
        0.7125281913597927,
        0.614292385991879,
        0.5907169057385252
      ],
      [
        0.35012301156985437,
        0.4006318561174056,
        0.3378397193350082,
        0.25594672004617924,
        0.27738120952263534,
        0.0,
        0.37858665124537694,
        0.354672744364522,
        0.491814314992267,
        0.4000810963247004,
        0.3016268958774059,
        0.3257293210979724,
        0.33137171123342213,
        0.3994690264763965,
        0.5193316631207374,
        0.5424708280350091,
        0.31593698477661236,
        0.4851122683265935,
        0.8344352615363498,
        1.0171119294059066,
        0.740121370588683,
        0.7265965713191938,
        0.46487918415263174,
        0.6632337741439303,
        0.5995478152406465,
        0.7271898007959237,
        0.8291294902622459,
        0.732914201977019,
        0.7212571819852884,
        0.701267177119741,
        0.632584577324591,
        0.5573987491829829
      ],
      [
        0.5327364243506617,
        0.27168960161288613,
        0.3504905856984271,
        0.4523684303723406,
        0.5092480706628479,
        0.37858665124537694,
        0.0,
        0.3240857475481216,
        0.6776370140680394,
        0.5172682718924287,
        0.48210552564025777,
        0.2916173097163429,
        0.5880695534583513,
        0.31426572955211135,
        0.5986401258250348,
        0.5487962460400414,
        0.4703061848896673,
        0.3798920719294646,
        0.7711769614956578,
        1.0376563070849003,
        0.555929051798152,
        0.7332563607157159,
        0.4843608592466984,
        0.5805847766008978,
        0.5022277180543798,
        0.664150075912341,
        0.747931770887192,
        0.7555208414350549,
        0.6653453359826333,
        0.6479526047069465,
        0.720809132447199,
        0.5602357545371619
      ],
      [
        0.28998901992037196,
        0.1969767162833204,
        0.3243752910166214,
        0.4072791065916098,
        0.40341505489726875,
        0.354672744364522,
        0.3240857475481216,
        0.0,
        0.7393522147723025,
        0.42278640811729934,
        0.5265866350226671,
        0.21185974227119936,
        0.46857212890672384,
        0.48918012013600576,
        0.7101724191433019,
        0.7390807811831401,
        0.3566630291007526,
        0.6221965929907824,
        0.9748602095973743,
        1.2300657853126287,
        0.8071944579167529,
        0.9057765774720457,
        0.593914180880578,
        0.7950110493799541,
        0.7292005049231012,
        0.889279358367775,
        0.9646209069893084,
        0.9162188170127317,
        0.8531747348779649,
        0.841558206048587,
        0.8508747638519611,
        0.7179786447778882
      ],
      [
        0.6924039494453038,
        0.7949757358210641,
        0.6442955440768086,
        0.46283582827052405,
        0.4591881271971323,
        0.491814314992267,
        0.6776370140680394,
        0.7393522147723025,
        0.0,
        0.51971902896475,
        0.4282785200143064,
        0.6683642414004186,
        0.5190710782826023,
        0.5988755807078355,
        0.37738663048564025,
        0.3563139102326883,
        0.6234619027642946,
        0.5403067699434548,
        0.5941403558667611,
        0.6507359271069088,
        0.6900586511047946,
        0.4151029616409369,
        0.4838891353600119,
        0.5948194994869545,
        0.5302928126665674,
        0.5374270456562859,
        0.61563984115453,
        0.514181749845043,
        0.5602824443771127,
        0.5052757971162992,
        0.2845584226038244,
        0.4148507587130519
      ],
      [
        0.37931429258484445,
        0.5213265437930193,
        0.41670799365051425,
        0.36998665226366045,
        0.27107255632785787,
        0.4000810963247004,
        0.5172682718924287,
        0.42278640811729934,
        0.51971902896475,
        0.0,
        0.5240473506365496,
        0.36176155175356783,
        0.3342957719274695,
        0.5420599043250437,
        0.5848716993514801,
        0.601884428345201,
        0.3610125751199338,
        0.6054408943714656,
        0.8428301821233037,
        1.042286413071582,
        0.7840971572536422,
        0.7051326783155114,
        0.4434573710827003,
        0.6889689068095322,
        0.6362179638281515,
        0.7761160586326306,
        0.805826533543872,
        0.701949376365755,
        0.7046230418640623,
        0.6510615759256061,
        0.6535866690671879,
        0.5747095393602174
      ],
      [
        0.5165817403468246,
        0.5316569383937354,
        0.4209541997154806,
        0.3109117750450916,
        0.3969159569926142,
        0.3016268958774059,
        0.48210552564025777,
        0.5265866350226671,
        0.4282785200143064,
        0.5240473506365496,
        0.0,
        0.49460563140797875,
        0.4376468217447686,
        0.4493780452682063,
        0.3725026058346427,
        0.48318736058920114,
        0.4656504628884438,
        0.49712986540533033,
        0.7917757617000557,
        0.9248174263983339,
        0.7231296945165213,
        0.6660327004210493,
        0.5458042552401795,
        0.7182513881492466,
        0.6166528249847469,
        0.6964617372830669,
        0.7970098376710242,
        0.7603827439123064,
        0.72341956696378,
        0.6976251070590752,
        0.5564527642401346,
        0.570553785078476
      ],
      [
        0.3400357343449865,
        0.2494447721253581,
        0.26637759128908,
        0.34551980989655856,
        0.3808231500743154,
        0.3257293210979724,
        0.2916173097163429,
        0.21185974227119936,
        0.6683642414004186,
        0.36176155175356783,
        0.49460563140797875,
        0.0,
        0.40690802132657033,
        0.3763859465386314,
        0.6027741281105118,
        0.6481754321046931,
        0.28721386136043825,
        0.5287328431834195,
        0.9020125812930215,
        1.1312946673659505,
        0.7094835211804857,
        0.8067116453054995,
        0.5263726591674135,
        0.6994177841651714,
        0.6241212372554273,
        0.7962808269617838,
        0.8565449112216329,
        0.825051744799666,
        0.7550695101583652,
        0.7341974370702398,
        0.7707099276301348,
        0.6384135118959523
      ],
      [
        0.32758294498381313,
        0.5541470013005068,
        0.38773068838276026,
        0.27545503251964615,
        0.277246993317899,
        0.33137171123342213,
        0.5880695534583513,
        0.46857212890672384,
        0.5190710782826023,
        0.3342957719274695,
        0.4376468217447686,
        0.40690802132657033,
        0.0,
        0.543808120046173,
        0.5475960706105785,
        0.6626761344866731,
        0.2813495110845397,
        0.6749223653247898,
        0.973404669060096,
        1.1020104796281256,
        0.8811777746854468,
        0.7969622161521213,
        0.5986746428502298,
        0.8132588114438252,
        0.7414472766442983,
        0.8678510544785903,
        0.9203491183498942,
        0.8251186043159058,
        0.8257080481224272,
        0.78847647138442,
        0.723263563692299,
        0.6823232985346942
      ],
      [
        0.6047433221227377,
        0.47019518637591473,
        0.34629070263992207,
        0.3789728868581399,
        0.5425986622679984,
        0.3994690264763965,
        0.31426572955211135,
        0.48918012013600576,
        0.5988755807078355,
        0.5420599043250437,
        0.4493780452682063,
        0.3763859465386314,
        0.543808120046173,
        0.0,
        0.44797315490232076,
        0.4729599762664915,
        0.4530050434251802,
        0.303204727239015,
        0.7206307644047756,
        0.9120804617900323,
        0.4748248592501698,
        0.6384458401838222,
        0.4881629886521741,
        0.5061779769499509,
        0.420449713627531,
        0.5727098236217724,
        0.6387645462592985,
        0.6692641481569883,
        0.5759023174089811,
        0.5610596020061092,
        0.6520231084880204,
        0.4874421109951866
      ],
      [
        0.7118294984313888,
        0.7187326435377611,
        0.5162767604786809,
        0.40284078249435745,
        0.5522647255908442,
        0.5193316631207374,
        0.5986401258250348,
        0.7101724191433019,
        0.37738663048564025,
        0.5848716993514801,
        0.3725026058346427,
        0.6027741281105118,
        0.5475960706105785,
        0.44797315490232076,
        0.0,
        0.40471966650548236,
        0.5838058133821018,
        0.48295752622712623,
        0.6740686765321136,
        0.7281033247302896,
        0.5855585374228034,
        0.49395181815895045,
        0.5904431455387334,
        0.6353823778241969,
        0.511696559254954,
        0.5528902428905499,
        0.6082305565865842,
        0.6670871746766124,
        0.5941378307292594,
        0.5432294518471594,
        0.4623349799760595,
        0.5081746564802909
      ],
      [
        0.7965851057073218,
        0.7420265681200784,
        0.6245728026392853,
        0.5609944829161703,
        0.6028578399882467,
        0.5424708280350091,
        0.5487962460400414,
        0.7390807811831401,
        0.3563139102326883,
        0.601884428345201,
        0.48318736058920114,
        0.6481754321046931,
        0.6626761344866731,
        0.4729599762664915,
        0.40471966650548236,
        0.0,
        0.6875694436407912,
        0.2948820654709251,
        0.4211125150943981,
        0.5586100313064563,
        0.4267877866686988,
        0.3084370324422916,
        0.4101881533883547,
        0.3789960001586838,
        0.2966185728692009,
        0.3240695258095305,
        0.3799701585622344,
        0.3863027952700928,
        0.39847864661847715,
        0.31620732509279903,
        0.3139535641610999,
        0.2860802828233153
      ],
      [
        0.2825143708978586,
        0.4294653554514707,
        0.31250994428911005,
        0.27035059161802494,
        0.32448286723756326,
        0.31593698477661236,
        0.4703061848896673,
        0.3566630291007526,
        0.6234619027642946,
        0.3610125751199338,
        0.4656504628884438,
        0.28721386136043825,
        0.2813495110845397,
        0.4530050434251802,
        0.5838058133821018,
        0.6875694436407912,
        0.0,
        0.6327779845898074,
        0.9681028702810158,
        1.1541947158592045,
        0.8199852329058283,
        0.8304198405354026,
        0.5701682814616165,
        0.7686098097827837,
        0.7033184910779822,
        0.8468797662880976,
        0.9241489069218783,
        0.8392393653320127,
        0.7812557776099353,
        0.7805293878938002,
        0.7727664913987599,
        0.6832503664500302
      ],
      [
        0.7436062769618956,
        0.5907573991965135,
        0.5188594098116738,
        0.5344808773524035,
        0.618956783250559,
        0.4851122683265935,
        0.3798920719294646,
        0.6221965929907824,
        0.5403067699434548,
        0.6054408943714656,
        0.49712986540533033,
        0.5287328431834195,
        0.6749223653247898,
        0.303204727239015,
        0.48295752622712623,
        0.2948820654709251,
        0.6327779845898074,
        0.0,
        0.5251477646079078,
        0.7311043642325757,
        0.3522914464773003,
        0.4928078352070323,
        0.4108956689266521,
        0.3507323604469123,
        0.27404575953556665,
        0.4039366564386105,
        0.4730450534718144,
        0.49851747004109015,
        0.4615540124609289,
        0.4147478843670837,
        0.5145172739869793,
        0.3536162742598797
      ],
      [
        1.057822952367987,
        0.9933016488127805,
        0.9239763660237591,
        0.8498677673459181,
        0.8491240988997091,
        0.8344352615363498,
        0.7711769614956578,
        0.9748602095973743,
        0.5941403558667611,
        0.8428301821233037,
        0.7917757617000557,
        0.9020125812930215,
        0.973404669060096,
        0.7206307644047756,
        0.6740686765321136,
        0.4211125150943981,
        0.9681028702810158,
        0.5251477646079078,
        0.0,
        0.4087126619710426,
        0.44758247818387054,
        0.30296859703128093,
        0.5586276532888231,
        0.38410982835914065,
        0.38302338928586077,
        0.31850990126500495,
        0.32310698530731435,
        0.3930229180328618,
        0.3636135257852252,
        0.3429354286531217,
        0.3949648995268671,
        0.35680215791542935
      ],
      [
        1.2617139038181029,
        1.2428442318320305,
        1.1096840228932265,
        1.000415634889002,
        1.033809490953843,
        1.0171119294059066,
        1.0376563070849003,
        1.2300657853126287,
        0.6507359271069088,
        1.042286413071582,
        0.9248174263983339,
        1.1312946673659505,
        1.1020104796281256,
        0.9120804617900323,
        0.7281033247302896,
        0.5586100313064563,
        1.1541947158592045,
        0.7311043642325757,
        0.4087126619710426,
        0.0,
        0.6685121101260323,
        0.40498314071014185,
        0.8065186516502273,
        0.6327799941029891,
        0.6216934684473098,
        0.4716955492013572,
        0.4626545765040511,
        0.5461874611546206,
        0.5748464754338869,
        0.5345202757633609,
        0.47256976194491207,
        0.5906035716200793
      ],
      [
        0.9538726144178484,
        0.7861187664606651,
        0.7111248504002832,
        0.7290454518770301,
        0.8225681161543863,
        0.740121370588683,
        0.555929051798152,
        0.8071944579167529,
        0.6900586511047946,
        0.7840971572536422,
        0.7231296945165213,
        0.7094835211804857,
        0.8811777746854468,
        0.4748248592501698,
        0.5855585374228034,
        0.4267877866686988,
        0.8199852329058283,
        0.3522914464773003,
        0.44758247818387054,
        0.6685121101260323,
        0.0,
        0.4930296316515877,
        0.5809268243134825,
        0.34036058620400567,
        0.2676979256702678,
        0.32425856469065883,
        0.35399458342408024,
        0.544989800018062,
        0.38208368276887045,
        0.38185965306436515,
        0.5885973721084172,
        0.4312175320987462
      ],
      [
        0.9428629768468288,
        0.9327585800619882,
        0.803474274397919,
        0.7031444104279779,
        0.7168449447932023,
        0.7265965713191938,
        0.7332563607157159,
        0.9057765774720457,
        0.4151029616409369,
        0.7051326783155114,
        0.6660327004210493,
        0.8067116453054995,
        0.7969622161521213,
        0.6384458401838222,
        0.49395181815895045,
        0.3084370324422916,
        0.8304198405354026,
        0.4928078352070323,
        0.30296859703128093,
        0.40498314071014185,
        0.4930296316515877,
        0.0,
        0.5004798369946666,
        0.41283332196474315,
        0.36520076995400647,
        0.32172405790446923,
        0.33027658977410473,
        0.35737435283792035,
        0.3355310896809594,
        0.2575430218191847,
        0.2615646283884382,
        0.31775018643219727
      ],
      [
        0.6540121528257917,
        0.6382117840118083,
        0.5987963748877598,
        0.5380928275089598,
        0.47508040636531607,
        0.46487918415263174,
        0.4843608592466984,
        0.593914180880578,
        0.4838891353600119,
        0.4434573710827003,
        0.5458042552401795,
        0.5263726591674135,
        0.5986746428502298,
        0.4881629886521741,
        0.5904431455387334,
        0.4101881533883547,
        0.5701682814616165,
        0.4108956689266521,
        0.5586276532888231,
        0.8065186516502273,
        0.5809268243134825,
        0.5004798369946666,
        0.0,
        0.40320861796987983,
        0.39836664379174375,
        0.5278248189511285,
        0.5719046435949288,
        0.4256276878523712,
        0.4528394030944124,
        0.42650854987385356,
        0.47292038368302064,
        0.31085953877386235
      ],
      [
        0.9019912811617314,
        0.8081445338102103,
        0.7313259680129274,
        0.7017826477622215,
        0.7315715852186621,
        0.6632337741439303,
        0.5805847766008978,
        0.7950110493799541,
        0.5948194994869545,
        0.6889689068095322,
        0.7182513881492466,
        0.6994177841651714,
        0.8132588114438252,
        0.5061779769499509,
        0.6353823778241969,
        0.3789960001586838,
        0.7686098097827837,
        0.3507323604469123,
        0.38410982835914065,
        0.6327799941029891,
        0.34036058620400567,
        0.41283332196474315,
        0.40320861796987983,
        0.0,
        0.19720003420641946,
        0.27761366822474964,
        0.33458082345378776,
        0.2935559942841441,
        0.2620565237686217,
        0.25124287119529937,
        0.48987609754500944,
        0.28888377699617523
      ],
      [
        0.8372588877008145,
        0.7329536535488735,
        0.6454346531749421,
        0.6198723647776716,
        0.6678975358770433,
        0.5995478152406465,
        0.5022277180543798,
        0.7292005049231012,
        0.5302928126665674,
        0.6362179638281515,
        0.6166528249847469,
        0.6241212372554273,
        0.7414472766442983,
        0.420449713627531,
        0.511696559254954,
        0.2966185728692009,
        0.7033184910779822,
        0.27404575953556665,
        0.38302338928586077,
        0.6216934684473098,
        0.2676979256702678,
        0.36520076995400647,
        0.39836664379174375,
        0.19720003420641946,
        0.0,
        0.25466342766879146,
        0.3001079326707783,
        0.3660060838043827,
        0.2840210619728498,
        0.23348445589100195,
        0.4362372083833965,
        0.2501396307252275
      ],
      [
        0.9836679451411281,
        0.8954951430613595,
        0.7863748957394864,
        0.7276269620281707,
        0.7869205378955364,
        0.7271898007959237,
        0.664150075912341,
        0.889279358367775,
        0.5374270456562859,
        0.7761160586326306,
        0.6964617372830669,
        0.7962808269617838,
        0.8678510544785903,
        0.5727098236217724,
        0.5528902428905499,
        0.3240695258095305,
        0.8468797662880976,
        0.4039366564386105,
        0.31850990126500495,
        0.4716955492013572,
        0.32425856469065883,
        0.32172405790446923,
        0.5278248189511285,
        0.27761366822474964,
        0.25466342766879146,
        0.0,
        0.2907989603374029,
        0.36907642355249787,
        0.2707281240205199,
        0.2557619062762668,
        0.39683671141203436,
        0.34978915447078046
      ],
      [
        1.0559698033013407,
        0.9713199806313139,
        0.8553387870500199,
        0.8164960385122568,
        0.8655433717082563,
        0.8291294902622459,
        0.747931770887192,
        0.9646209069893084,
        0.61563984115453,
        0.805826533543872,
        0.7970098376710242,
        0.8565449112216329,
        0.9203491183498942,
        0.6387645462592985,
        0.6082305565865842,
        0.3799701585622344,
        0.9241489069218783,
        0.4730450534718144,
        0.32310698530731435,
        0.4626545765040511,
        0.35399458342408024,
        0.33027658977410473,
        0.5719046435949288,
        0.33458082345378776,
        0.3001079326707783,
        0.2907989603374029,
        0.0,
        0.36949719532954683,
        0.3444807364448189,
        0.2451608924652804,
        0.47322803205802666,
        0.36234378520680394
      ],
      [
        0.9600139689389199,
        0.9530946349726783,
        0.8430926823500247,
        0.761040486427286,
        0.7519373233785832,
        0.732914201977019,
        0.7555208414350549,
        0.9162188170127317,
        0.514181749845043,
        0.701949376365755,
        0.7603827439123064,
        0.825051744799666,
        0.8251186043159058,
        0.6692641481569883,
        0.6670871746766124,
        0.3863027952700928,
        0.8392393653320127,
        0.49851747004109015,
        0.3930229180328618,
        0.5461874611546206,
        0.544989800018062,
        0.35737435283792035,
        0.4256276878523712,
        0.2935559942841441,
        0.3660060838043827,
        0.36907642355249787,
        0.36949719532954683,
        0.0,
        0.3247693492387843,
        0.2785150823318758,
        0.4127431981110665,
        0.30437386895783375
      ],
      [
        0.9296150477615079,
        0.8780492374385753,
        0.7762175947833551,
        0.7132277807664691,
        0.7406489820317537,
        0.7212571819852884,
        0.6653453359826333,
        0.8531747348779649,
        0.5602824443771127,
        0.7046230418640623,
        0.72341956696378,
        0.7550695101583652,
        0.8257080481224272,
        0.5759023174089811,
        0.5941378307292594,
        0.39847864661847715,
        0.7812557776099353,
        0.4615540124609289,
        0.3636135257852252,
        0.5748464754338869,
        0.38208368276887045,
        0.3355310896809594,
        0.4528394030944124,
        0.2620565237686217,
        0.2840210619728498,
        0.2707281240205199,
        0.3444807364448189,
        0.3247693492387843,
        0.0,
        0.22327493833723958,
        0.42148410763965016,
        0.3057495723834052
      ],
      [
        0.917699803693837,
        0.8627034865126827,
        0.743267306585293,
        0.690905009338572,
        0.7125281913597927,
        0.701267177119741,
        0.6479526047069465,
        0.841558206048587,
        0.5052757971162992,
        0.6510615759256061,
        0.6976251070590752,
        0.7341974370702398,
        0.78847647138442,
        0.5610596020061092,
        0.5432294518471594,
        0.31620732509279903,
        0.7805293878938002,
        0.4147478843670837,
        0.3429354286531217,
        0.5345202757633609,
        0.38185965306436515,
        0.2575430218191847,
        0.42650854987385356,
        0.25124287119529937,
        0.23348445589100195,
        0.2557619062762668,
        0.2451608924652804,
        0.2785150823318758,
        0.22327493833723958,
        0.0,
        0.38292479412805125,
        0.2823326334969935
      ],
      [
        0.8563226663989172,
        0.8893202633513869,
        0.7779006703556401,
        0.6370712428953277,
        0.614292385991879,
        0.632584577324591,
        0.720809132447199,
        0.8508747638519611,
        0.2845584226038244,
        0.6535866690671879,
        0.5564527642401346,
        0.7707099276301348,
        0.723263563692299,
        0.6520231084880204,
        0.4623349799760595,
        0.3139535641610999,
        0.7727664913987599,
        0.5145172739869793,
        0.3949648995268671,
        0.47256976194491207,
        0.5885973721084172,
        0.2615646283884382,
        0.47292038368302064,
        0.48987609754500944,
        0.4362372083833965,
        0.39683671141203436,
        0.47322803205802666,
        0.4127431981110665,
        0.42148410763965016,
        0.38292479412805125,
        0.0,
        0.32756780619075593
      ],
      [
        0.7792911508666749,
        0.753558570940284,
        0.6681192478242408,
        0.5848024825431022,
        0.5907169057385252,
        0.5573987491829829,
        0.5602357545371619,
        0.7179786447778882,
        0.4148507587130519,
        0.5747095393602174,
        0.570553785078476,
        0.6384135118959523,
        0.6823232985346942,
        0.4874421109951866,
        0.5081746564802909,
        0.2860802828233153,
        0.6832503664500302,
        0.3536162742598797,
        0.35680215791542935,
        0.5906035716200793,
        0.4312175320987462,
        0.31775018643219727,
        0.31085953877386235,
        0.28888377699617523,
        0.2501396307252275,
        0.34978915447078046,
        0.36234378520680394,
        0.30437386895783375,
        0.3057495723834052,
        0.2823326334969935,
        0.32756780619075593,
        0.0
      ]
    ],
    "W2_H1": [
      [
        0.0,
        0.1768818827278141,
        0.17897605419544532,
        0.16394803514454967,
        0.18196350549418538,
        0.18442602149992585,
        0.17803127914596706,
        0.18508961978591415,
        0.19525034246903097,
        0.184181706820377,
        0.18877881710342964,
        0.1648678438072863,
        0.18463651091621527,
        0.20888930523071997,
        0.18354077565766094,
        0.16649307866242088,
        0.1663089902443597,
        0.16745579045365228,
        0.2005748013562655,
        0.1727809062559163,
        0.20404534928305204,
        0.21485926969688995,
        0.2088699217782361,
        0.1975781548669518,
        0.17661173761085103,
        0.19411355193538593,
        0.19537949166868415,
        0.20150099916682185,
        0.19268898610604143,
        0.1838806680797841,
        0.1929149260722464,
        0.17737749189267715
      ],
      [
        0.1768818827278141,
        0.0,
        0.14385675059227065,
        0.16290774546916004,
        0.14052721906533494,
        0.20703131754957352,
        0.17858715295897887,
        0.16143055076361162,
        0.19801245897718078,
        0.14658695323050228,
        0.1528156004833556,
        0.1685566966015832,
        0.17620531962690764,
        0.2259292694412119,
        0.1700698536545879,
        0.17254083944302806,
        0.1361068088265768,
        0.1786311082467573,
        0.20597636730338045,
        0.22564267556392595,
        0.2119520258064577,
        0.21910800298750546,
        0.16751871899273127,
        0.1898306242901959,
        0.1836846810802617,
        0.23569655076354795,
        0.17793059015566,
        0.20328365712488758,
        0.204026333934143,
        0.15443167591930407,
        0.1722033917244706,
        0.17310305149357214
      ],
      [
        0.17897605419544532,
        0.14385675059227065,
        0.0,
        0.1312250361211651,
        0.14468735382792475,
        0.19193473295128027,
        0.15731638466554398,
        0.15551627344125912,
        0.19962304498177266,
        0.14201968826989947,
        0.15207822556995002,
        0.14831777344582345,
        0.1422328528258893,
        0.20093910508205595,
        0.1493527751563381,
        0.16808435513224643,
        0.12822337238928302,
        0.16196674244580378,
        0.1923997890609689,
        0.18729837375145242,
        0.19650150557362397,
        0.19083725195053852,
        0.18643344043613191,
        0.1653244081449496,
        0.1704092733101239,
        0.211900411639881,
        0.1635657219845817,
        0.20421539741969935,
        0.17870080091688081,
        0.163770762021762,
        0.193799945241805,
        0.15444060923710526
      ],
      [
        0.16394803514454967,
        0.16290774546916004,
        0.1312250361211651,
        0.0,
        0.15508911309608117,
        0.1847326121518113,
        0.16444748232136866,
        0.15908681074084433,
        0.20074664853817042,
        0.17550707122566747,
        0.16058015076284446,
        0.1475579345587003,
        0.16599667695168888,
        0.21341116261986784,
        0.17168315134472623,
        0.17173478054406055,
        0.14305536716656422,
        0.1721526099165907,
        0.18501926897223073,
        0.19512971743084181,
        0.1946772435926762,
        0.19756812133817195,
        0.18532303954346863,
        0.19485816475675458,
        0.17818331357279824,
        0.20993183537089669,
        0.1722943721647749,
        0.2084796806376306,
        0.19158080404678757,
        0.17306251869220463,
        0.1854175011411573,
        0.14954537579288882
      ],
      [
        0.18196350549418538,
        0.14052721906533494,
        0.14468735382792475,
        0.15508911309608117,
        0.0,
        0.18231551282813863,
        0.15562920322325594,
        0.13915338244880399,
        0.17447757609855896,
        0.132307765794902,
        0.14574674287593337,
        0.16614762220454415,
        0.12911694108158137,
        0.2024047598691486,
        0.15201660935939182,
        0.1413839196088095,
        0.13998736813385057,
        0.16309857124099394,
        0.18099424322324723,
        0.19307573609854278,
        0.19314585279905908,
        0.19691873155649603,
        0.17414274743134134,
        0.1711490662229315,
        0.15691727417156842,
        0.2310400861342544,
        0.15565636738481148,
        0.21430259363537116,
        0.1935100014154532,
        0.14373054228800347,
        0.16852185060368577,
        0.16665856918333732
      ],
      [
        0.18442602149992585,
        0.20703131754957352,
        0.19193473295128027,
        0.1847326121518113,
        0.18231551282813863,
        0.0,
        0.17731184886410228,
        0.17619405840397365,
        0.1893024371524678,
        0.18422173211748688,
        0.18160191279027438,
        0.18312721153982664,
        0.17872171931048914,
        0.1967364337520621,
        0.16998607370200536,
        0.19039603076122344,
        0.16340772220502484,
        0.1961616127945478,
        0.19835956472010238,
        0.20640236529016093,
        0.2067788067875924,
        0.22147896284637608,
        0.21271209007629688,
        0.17382296984681792,
        0.18436923722655418,
        0.2379794162519508,
        0.20492242620349524,
        0.24015689109308674,
        0.21230653316977605,
        0.20326666873320007,
        0.2064559479793413,
        0.1964594324550808
      ],
      [
        0.17803127914596706,
        0.17858715295897887,
        0.15731638466554398,
        0.16444748232136866,
        0.15562920322325594,
        0.17731184886410228,
        0.0,
        0.15341782703221196,
        0.19326478538942868,
        0.15838542338528885,
        0.1627885889430173,
        0.14481627055705906,
        0.16001672514442875,
        0.1727862175209734,
        0.1389716324067373,
        0.149332266573822,
        0.15362826313898564,
        0.16803226660806864,
        0.1669962132920867,
        0.1863465637488992,
        0.1822199983484659,
        0.18162149308519338,
        0.19049290945878547,
        0.17583885659578702,
        0.16199769325053892,
        0.21606120937271042,
        0.1725081729972523,
        0.21479344528060093,
        0.1797674868421752,
        0.16655231804666154,
        0.19298231604268531,
        0.1739427178688975
      ],
      [
        0.18508961978591415,
        0.16143055076361162,
        0.15551627344125912,
        0.15908681074084433,
        0.13915338244880399,
        0.17619405840397365,
        0.15341782703221196,
        0.0,
        0.18556033161211738,
        0.15827002213303268,
        0.15900930530872964,
        0.16075439715359913,
        0.14277274063695092,
        0.17307062231455472,
        0.1544588792243889,
        0.14559758485448754,
        0.13803676592817934,
        0.17298843151807633,
        0.17502432802297266,
        0.18616800703911196,
        0.18220222434124717,
        0.20144764086123682,
        0.18668566559866315,
        0.17384874217838722,
        0.1693071900145826,
        0.2150306991456825,
        0.16573340234702832,
        0.213772563836087,
        0.1899926644111624,
        0.16407864246184475,
        0.18626057053866446,
        0.16991964268399642
      ],
      [
        0.19525034246903097,
        0.19801245897718078,
        0.19962304498177266,
        0.20074664853817042,
        0.17447757609855896,
        0.1893024371524678,
        0.19326478538942868,
        0.18556033161211738,
        0.0,
        0.1913580585448438,
        0.19663846344104238,
        0.21320392591503348,
        0.1720226928672014,
        0.21822312503692395,
        0.19502629344029115,
        0.1834850682569455,
        0.2002404410825897,
        0.1819904377953232,
        0.20804965263541494,
        0.20666781620595362,
        0.2067133509215696,
        0.2225745062990678,
        0.1878347023490234,
        0.16487947491618024,
        0.17971334935277714,
        0.22286613418987394,
        0.18984874178554162,
        0.23700996971435875,
        0.21391148315930708,
        0.17950124437856493,
        0.173403838755512,
        0.20791621670936136
      ],
      [
        0.184181706820377,
        0.14658695323050228,
        0.14201968826989947,
        0.17550707122566747,
        0.132307765794902,
        0.18422173211748688,
        0.15838542338528885,
        0.15827002213303268,
        0.1913580585448438,
        0.0,
        0.16198646631023494,
        0.16736252853579928,
        0.14421265971875546,
        0.20120414540435877,
        0.14108734527772235,
        0.15976789334831176,
        0.14327094680223812,
        0.16262392523222263,
        0.18868207989639454,
        0.20185682378739475,
        0.19987519351663455,
        0.22268384805215904,
        0.1769769925691661,
        0.15922235575355412,
        0.18183213210873808,
        0.245880804098545,
        0.17606744826642384,
        0.20953806190583407,
        0.19184395519813036,
        0.16229023205873727,
        0.19277504341851612,
        0.15407950883565202
      ],
      [
        0.18877881710342964,
        0.1528156004833556,
        0.15207822556995002,
        0.16058015076284446,
        0.14574674287593337,
        0.18160191279027438,
        0.1627885889430173,
        0.15900930530872964,
        0.19663846344104238,
        0.16198646631023494,
        0.0,
        0.1632507002965642,
        0.16213003995883327,
        0.1962511764059734,
        0.1583145780225192,
        0.16719583664795268,
        0.15665665314239788,
        0.17407670026507077,
        0.1942053481977203,
        0.2156072997436593,
        0.1979488881415978,
        0.2090408706041355,
        0.18184011727005317,
        0.18919555423413498,
        0.1703968942611772,
        0.23166474899747327,
        0.1802675430397353,
        0.21491906230520677,
        0.2067276750417003,
        0.1629346528387967,
        0.1758700519266149,
        0.1836640937008794
      ],
      [
        0.1648678438072863,
        0.1685566966015832,
        0.14831777344582345,
        0.1475579345587003,
        0.16614762220454415,
        0.18312721153982664,
        0.14481627055705906,
        0.16075439715359913,
        0.21320392591503348,
        0.16736252853579928,
        0.1632507002965642,
        0.0,
        0.16770139884477633,
        0.1855833363197337,
        0.15700623509866524,
        0.16192840853910007,
        0.1400283213270729,
        0.1756716186106755,
        0.16973769186389273,
        0.20209897787925568,
        0.19755369930132596,
        0.1951702233564589,
        0.19682656816191288,
        0.18398354091206673,
        0.16289357351752232,
        0.22920543204502258,
        0.18261639112228648,
        0.20201829071763727,
        0.18412076438710778,
        0.18658565763499432,
        0.19963234492725995,
        0.14732782661590343
      ],
      [
        0.18463651091621527,
        0.17620531962690764,
        0.1422328528258893,
        0.16599667695168888,
